  -7.61003516000000e-01  -1.21244498000000e+00  -1.01871305000000e-01  -2.36850085000000e+00  -1.05778129000000e+00  -2.20823629000000e+00   5.63838342000000e-01   1.21105294000000e+00   2.21030997000000e+00   4.44561562000000e-01  -1.18244872000000e+00   1.04289112000000e+00  -1.60558756000000e+00   1.30419943000000e+00   1.37175046000000e+00   1.74825095000000e+00  -2.33656483000000e-01  -1.52014483000000e+00   1.15324176000000e+00   1.03680823000000e-01  -3.72077187000000e-01  -6.15300188000000e-01  -1.25683600000000e-01  -2.27193038000000e+00  -7.18362083000000e-01  -1.29690315000000e+00
  -6.17851763000000e-01   6.15592068000000e-01  -1.26550639000000e+00   1.85745418000000e+00  -9.18533195000000e-01  -5.50258925000000e-02  -3.85898063000000e-01   1.29520853000000e+00  -1.56843297000000e+00  -9.70264194000000e-01  -2.18334895000000e+00  -2.85033578000000e+00  -2.07733086000000e+00   1.63163164000000e+00   3.49022897000000e-01   1.82789117000000e+00  -2.44174379000000e+00  -8.56303397000000e-01  -2.98256403000000e-01  -2.07947873000000e+00  -1.29332380000000e+00   8.99820317000000e-01   2.83065775000000e-01   2.31180525000000e+00  -2.46444086000000e+00   1.45656548000000e+00
  -6.89340719000000e-01  -1.94538151000000e+00   2.01360618000000e+00  -3.12316188000000e+00  -2.36176300000000e-01   1.38680947000000e+00   9.09824289000000e-01  -1.54774416000000e+00  -7.98308965000000e-01  -6.55998337000000e-01   7.35383301000000e-01  -2.58593294000000e+00   4.72108393000000e-01   5.53494986000000e-01   2.51255453000000e+00  -2.41674540000000e+00  -1.63898627000000e+00   1.20273020000000e+00  -1.20245851000000e+00  -1.83445959000000e+00  -1.88013027000000e+00  -3.40560984000000e-01   2.36924833000000e-01  -1.06137919000000e+00   1.02759232000000e+00  -4.76908317000000e-01
  -6.78324787000000e-01   4.62992265000000e-01   5.84923205000000e-01  -1.65018400000000e-01   1.93264192000000e+00  -2.29657653000000e-01  -1.84731492000000e+00   4.90117676000000e-01   1.07146054000000e+00  -3.31905643000000e+00   1.54113507000000e+00   3.73719472000000e-01  -8.64846812000000e-01  -2.58273522000000e+00   9.70624467000000e-01  -5.10218670000000e-01  -6.84278969000000e-01  -1.64713607000000e+00   2.11531448000000e-01  -2.74224419000000e-01   1.72599755000000e+00   1.32418658000000e+00  -2.63984479000000e+00  -8.05587099000000e-02  -2.03510803000000e+00  -1.46123776000000e+00
  -5.96643390000000e-01  -2.04481799000000e+00   2.05698407000000e+00   1.95100909000000e+00   1.76376991000000e-01  -2.16141218000000e+00  -4.03947362000000e-01   1.80157532000000e+00  -1.56278739000000e+00  -2.52530039000000e-01   2.35864970000000e-01   7.16566988000000e-01   1.07689092000000e+00  -3.54572787000000e-01  -1.67743058000000e+00  -1.29392547000000e-01  -6.74888488000000e-01   1.14066535000000e+00   1.32431237000000e+00   3.21158484000000e+00  -2.15888898000000e+00  -2.60164082000000e+00  -3.22264660000000e+00  -1.89612906000000e+00  -8.74880685000000e-01   2.51038628000000e+00
  -8.77949067000000e-01   4.34411202000000e-01  -9.31610491000000e-01   1.83907777000000e-01  -3.60782161000000e-01   6.19581374000000e-01   3.86249482000000e-01  -2.65150343000000e+00   2.29710773000000e+00  -2.08818098000000e+00  -1.86382323000000e+00   1.06057836000000e+00   7.75621465000000e-01   2.13468610000000e+00  -1.14973702000000e+00  -5.20814261000000e-01   9.97434287000000e-01  -1.48309353000000e+00  -2.31394240000000e+00   2.95173331000000e-01  -3.87048790000000e-01  -2.20607697000000e+00   3.07021908000000e-01  -1.17646114000000e+00  -1.63462966000000e+00  -8.24676614000000e-01
  -5.27465273000000e-01   1.21564288000000e+00  -1.50095981000000e+00  -2.03195359000000e+00  -1.52366734000000e+00  -2.43732079000000e+00  -2.37570311000000e+00  -1.39987277000000e+00  -8.87353145000000e-01  -6.32788729000000e-01   1.50450176000000e+00  -1.58076300000000e+00   5.85992166000000e-01  -7.75404162000000e-01   9.42573306000000e-01   2.10919653000000e+00   5.44791319000000e-01   4.37736116000000e-01  -1.28024228000000e+00  -4.36099352000000e-02   1.47749970000000e+00  -1.13276949000000e+00  -7.28469041000000e-01   4.73471629000000e-02   1.65745660000000e+00   1.68540944000000e+00
  -7.49015401000000e-01  -7.22490561000000e-01  -3.15228173000000e+00   3.65777783000000e-01   1.98113623000000e-01  -7.30599456000000e-01   1.65263918000000e+00  -2.30035700000000e+00  -1.87468162000000e+00   9.80953869000000e-01  -1.58825159000000e+00   1.35434142000000e+00   2.17895331000000e+00  -1.99239762000000e+00  -2.00371362000000e+00  -3.88613000000000e-01  -2.33992976000000e+00  -2.91719062000000e+00   9.93986454000000e-01  -2.70476768000000e+00  -1.27139772000000e+00   1.86091461000000e+00  -1.20519404000000e+00  -3.80141945000000e-01   7.08718101000000e-01  -2.11014003000000e+00
  -6.66546803000000e-01   5.36018446000000e-01   1.30307573000000e+00  -1.03372714000000e+00  -4.03084753000000e+00   5.81734690000000e-01  -2.65717902000000e+00   8.03799938000000e-01  -1.09241928000000e+00   2.49910058000000e+00   3.62007999000000e-01   6.61953372000000e-01  -9.21605341000000e-01  -8.31236656000000e-01  -2.00200952000000e+00  -2.94897501000000e+00   6.45642021000000e-01  -1.10114694000000e+00   7.45103089000000e-01   5.85067171000000e-01  -1.99545251000000e+00   6.25911045000000e-01   1.80596103000000e+00  -2.23093151000000e-01  -1.40442136000000e+00  -2.13191530000000e+00
  -4.60891191000000e-01  -1.43944954000000e+00  -1.21809509000000e+00   7.10930110000000e-01   4.52169193000000e-01  -3.59533808000000e-01   6.22849545000000e-01  -6.70052968000000e-01  -7.06913800000000e-01   6.31135077000000e-02  -1.23199074000000e+00  -1.74645233000000e+00  -2.71960897000000e+00  -2.21437178000000e+00  -1.69307505000000e+00  -9.09273941000000e-01   8.78523108000000e-01   1.18664814000000e+00  -1.87041262000000e+00   3.97962951000000e-01   1.72113872000000e+00  -1.36934055000000e+00   8.58066801000000e-01  -2.47795788000000e-01   1.28009118000000e+00  -1.32752042000000e+00
