 1.00000000e+001
 1.00000000e+001
 1.00000000e+001
 1.00000000e+001
 1.00000000e+001
 1.00000000e+001
 1.00000000e+001
 1.00000000e+001
 1.00000000e+001
 1.00000000e+001
 1.00000000e+001
 1.00000000e+001
 1.00000000e+001
 1.00000000e+001
 1.00000000e+001
 1.00000000e+001
 1.00000000e+001
 1.00000000e+001
 1.00000000e+001
 1.00000000e+001
 1.00000000e+001
 1.00000000e+001
 1.00000000e+001
 1.00000000e+001
 1.00000000e+001
 1.00000000e+001
 1.00000000e+001
 1.00000000e+001
 1.00000000e+001
 1.00000000e+001
 1.00000000e+001
 1.00000000e+001
 1.00000000e+001
 1.00000000e+001
 1.00000000e+001
 1.00000000e+001
 1.00000000e+001
 1.00000000e+001
 1.00000000e+001
 1.00000000e+001
 1.00000000e+001
 1.00000000e+001
 1.00000000e+001
 1.00000000e+001
 1.00000000e+001
 1.00000000e+001
 1.00000000e+001
 1.00000000e+001
 1.00000000e+001
 1.00000000e+001
 1.00000000e+001
 1.00000000e+001
 1.00000000e+001
 1.00000000e+001
 1.00000000e+001
 1.00000000e+001
 1.00000000e+001
 1.00000000e+001
 1.00000000e+001
 1.00000000e+001
 1.00000000e+001
 1.00000000e+001
 1.00000000e+001
 1.00000000e+001
 1.00000000e+001
 1.00000000e+001
 1.00000000e+001
 1.00000000e+001
 1.00000000e+001
 1.00000000e+001
 1.00000000e+001
 1.00000000e+001
 1.00000000e+001
 1.00000000e+001
 1.00000000e+001
 1.00000000e+001
 1.00000000e+001
 1.00000000e+001
 1.00000000e+001
 1.00000000e+001
 1.00000000e+001
 1.00000000e+001
 1.00000000e+001
 1.00000000e+001
 1.00000000e+001
 1.00000000e+001
 1.00000000e+001
 1.00000000e+001
 1.00000000e+001
 1.00000000e+001
 1.00000000e+001
 1.00000000e+001
 1.00000000e+001
 1.00000000e+001
 1.00000000e+001
 1.00000000e+001
 1.00000000e+001
 1.00000000e+001
 1.00000000e+001
 1.00000000e+001